ID|DateObs|TimeObs|Telescope|Filename|Object|RA_hhmmss|DEC_ddmmss|RA_deg|DEC_deg|RA_pix|Dec_pix|FilterName|JD|ExpTime_sec|Zmag|FWHM|Altitude|Airmass
1|2020-10-05|17:37:49|SLT|FU_Ori-20201005@173735-B_Astrodon_2018_calib.fits|FU_Ori|05 45 21.91|+09 04 11.0|86.3413|9.0697|916.4882|925.7380|B_Astrodon_2018|2459128.2345949076|10.0|19.3079|2.3183|43.6468|1.4521
2|2020-10-05|17:38:20|SLT|FU_Ori-20201005@173815-V_Astrodon_2018_calib.fits|FU_Ori|05 45 21.91|+09 04 11.0|86.3413|9.0697|916.5282|925.8472|V_Astrodon_2018|2459128.234953704|5.0|20.3908|2.4167|43.7637|1.4496
3|2020-10-05|17:38:45|SLT|FU_Ori-20201005@173840-R_Astrodon_2018_calib.fits|FU_Ori|05 45 21.91|+09 04 11.0|86.3413|9.0697|916.7963|925.8444|R_Astrodon_2018|2459128.2352430555|5.0|21.2217|2.2276|43.8580|1.4471
4|2020-10-05|17:48:36|SLT|FU_Ori-20201005@174822-B_Astrodon_2018_calib.fits|FU_Ori|05 45 21.91|+09 04 11.0|86.3413|9.0697|1024.0543|1023.1414|B_Astrodon_2018|2459128.2420833334|30.0|19.1978|2.5855|46.0813|1.3910
5|2020-10-05|17:49:27|SLT|FU_Ori-20201005@174922-V_Astrodon_2018_calib.fits|FU_Ori|05 45 21.91|+09 04 11.0|86.3413|9.0697|1024.2213|1023.8594|V_Astrodon_2018|2459128.2426736113|15.0|20.4446|2.3276|46.2726|1.3878
6|2020-10-05|17:50:02|SLT|FU_Ori-20201005@174958-R_Astrodon_2018_calib.fits|FU_Ori|05 45 21.91|+09 04 11.0|86.3413|9.0697|1024.6388|1023.7068|R_Astrodon_2018|2459128.2430787035|15.0|21.2771|2.1210|46.4039|1.3849
7|2020-10-06|18:51:40|SLT|FU_Ori-20201006@185127-B_Astrodon_2018_calib.fits|FU_Ori|05 45 21.91|+09 04 11.0|86.3413|9.0697|1021.3035|1023.8521|B_Astrodon_2018|2459129.2858796297|10.0|19.3915|2.0182|60.7263|1.1485
8|2020-10-06|18:52:11|SLT|FU_Ori-20201006@185206-V_Astrodon_2018_calib.fits|FU_Ori|05 45 21.91|+09 04 11.0|86.3413|9.0697|1021.0454|1024.6823|V_Astrodon_2018|2459129.286238426|5.0|20.4522|2.1900|60.8339|1.1475
9|2020-10-06|18:52:35|SLT|FU_Ori-20201006@185231-R_Astrodon_2018_calib.fits|FU_Ori|05 45 21.91|+09 04 11.0|86.3413|9.0697|1021.1894|1024.9526|R_Astrodon_2018|2459129.2865162035|5.0|21.2705|1.9383|60.9171|1.1465
10|2020-10-06|18:53:20|SLT|FU_Ori-20201006@185308-B_Astrodon_2018_calib.fits|FU_Ori|05 45 21.91|+09 04 11.0|86.3413|9.0697|1310.4415|1104.4355|B_Astrodon_2018|2459129.287037037|20.0|19.1231|2.4363|61.0729|1.1437
11|2020-10-06|18:54:18|SLT|FU_Ori-20201006@185413-V_Astrodon_2018_calib.fits|FU_Ori|05 45 21.91|+09 04 11.0|86.3413|9.0697|925.7979|1034.4716|V_Astrodon_2018|2459129.287708333|10.0|20.5099|2.2430|61.2733|1.1424
12|2020-10-06|18:54:47|SLT|FU_Ori-20201006@185443-R_Astrodon_2018_calib.fits|FU_Ori|05 45 21.91|+09 04 11.0|86.3413|9.0697|925.8562|1034.8754|R_Astrodon_2018|2459129.2880439814|10.0|21.2797|2.0657|61.3734|1.1413
13|2020-10-07|18:53:45|SLT|FU_Ori-20201007@185330-B_Astrodon_2018_calib.fits|FU_Ori|05 45 21.91|+09 04 11.0|86.3413|9.0697|1020.9823|1022.7910|B_Astrodon_2018|2459130.287326389|30.0|19.2544|2.8368|61.9708|1.1334
14|2020-10-07|18:54:35|SLT|FU_Ori-20201007@185430-V_Astrodon_2018_calib.fits|FU_Ori|05 45 21.91|+09 04 11.0|86.3413|9.0697|1021.0248|1023.4632|V_Astrodon_2018|2459130.287905093|10.0|20.5290|2.1287|62.1418|1.1323
15|2020-10-07|18:55:04|SLT|FU_Ori-20201007@185500-R_Astrodon_2018_calib.fits|FU_Ori|05 45 21.91|+09 04 11.0|86.3413|9.0697|1020.5189|1023.9050|R_Astrodon_2018|2459130.2882407405|5.0|21.2089|2.4325|62.2408|1.1314
16|2020-10-07|18:55:37|SLT|FU_Ori-20201007@185525-B_Astrodon_2018_calib.fits|FU_Ori|05 45 21.91|+09 04 11.0|86.3413|9.0697|1020.6635|1023.4938|B_Astrodon_2018|2459130.2886226852|30.0|19.2939|2.6787|62.3532|1.1294
17|2020-10-07|18:56:27|SLT|FU_Ori-20201007@185621-V_Astrodon_2018_calib.fits|FU_Ori|05 45 21.91|+09 04 11.0|86.3413|9.0697|1020.6144|1024.0917|V_Astrodon_2018|2459130.289201389|10.0|20.5323|2.0180|62.5233|1.1283
18|2020-10-07|18:56:56|SLT|FU_Ori-20201007@185651-R_Astrodon_2018_calib.fits|FU_Ori|05 45 21.91|+09 04 11.0|86.3413|9.0697|1020.2704|1024.2831|R_Astrodon_2018|2459130.2895370373|5.0|21.2089|2.3353|62.6218|1.1275
19|2020-10-08|18:39:55|SLT|FU_Ori-20201008@183941-B_Astrodon_2018_calib.fits|FU_Ori|05 45 21.91|+09 04 11.0|86.3413|9.0697|1021.3314|1021.4232|B_Astrodon_2018|2459131.2777199075|30.0|19.2102|2.6433|59.9132|1.1560
20|2020-10-08|18:40:46|SLT|FU_Ori-20201008@184041-V_Astrodon_2018_calib.fits|FU_Ori|05 45 21.91|+09 04 11.0|86.3413|9.0697|1020.9790|1022.3351|V_Astrodon_2018|2459131.2783101853|10.0|20.4682|2.2105|60.0916|1.1548
21|2020-10-08|18:41:15|SLT|FU_Ori-20201008@184111-R_Astrodon_2018_calib.fits|FU_Ori|05 45 21.91|+09 04 11.0|86.3413|9.0697|1021.4560|1022.3958|R_Astrodon_2018|2459131.2786458335|5.0|21.2189|2.0291|60.1929|1.1538
22|2020-10-08|18:41:48|SLT|FU_Ori-20201008@184136-B_Astrodon_2018_calib.fits|FU_Ori|05 45 21.91|+09 04 11.0|86.3413|9.0697|1020.9229|1022.4613|B_Astrodon_2018|2459131.2790277777|30.0|19.2517|2.3842|60.3081|1.1515
23|2020-10-08|18:42:38|SLT|FU_Ori-20201008@184233-V_Astrodon_2018_calib.fits|FU_Ori|05 45 21.91|+09 04 11.0|86.3413|9.0697|1021.1364|1023.2378|V_Astrodon_2018|2459131.2796064815|10.0|20.4542|2.3628|60.4823|1.1502
24|2020-10-08|18:43:08|SLT|FU_Ori-20201008@184304-R_Astrodon_2018_calib.fits|FU_Ori|05 45 21.91|+09 04 11.0|86.3413|9.0697|1021.1535|1023.2844|R_Astrodon_2018|2459131.2799537037|5.0|21.2262|2.0048|60.5867|1.1493
25|2020-10-09|18:26:05|SLT|FU_Ori-20201009@182552-B_Astrodon_2018_calib.fits|FU_Ori|05 45 21.91|+09 04 11.0|86.3413|9.0697|1021.5174|1022.1769|B_Astrodon_2018|2459132.268113426|30.0|19.2068|3.2095|57.8135|1.1818
26|2020-10-09|18:26:56|SLT|FU_Ori-20201009@182651-V_Astrodon_2018_calib.fits|FU_Ori|05 45 21.91|+09 04 11.0|86.3413|9.0697|1020.8214|1023.3552|V_Astrodon_2018|2459132.268703704|10.0|20.5370|2.1850|57.9952|1.1804
27|2020-10-09|18:27:25|SLT|FU_Ori-20201009@182721-R_Astrodon_2018_calib.fits|FU_Ori|05 45 21.91|+09 04 11.0|86.3413|9.0697|1020.9930|1023.4127|R_Astrodon_2018|2459132.269039352|5.0|21.2021|2.5283|58.0984|1.1793
28|2020-10-09|18:27:59|SLT|FU_Ori-20201009@182747-B_Astrodon_2018_calib.fits|FU_Ori|05 45 21.91|+09 04 11.0|86.3413|9.0697|1020.5518|1023.5679|B_Astrodon_2018|2459132.26943287|30.0|19.1679|3.3741|58.2193|1.1767
29|2020-10-09|18:28:49|SLT|FU_Ori-20201009@182844-V_Astrodon_2018_calib.fits|FU_Ori|05 45 21.91|+09 04 11.0|86.3413|9.0697|1020.1321|1024.1632|V_Astrodon_2018|2459132.270011574|10.0|20.5317|2.3323|58.3968|1.1753
30|2020-10-09|18:29:19|SLT|FU_Ori-20201009@182915-R_Astrodon_2018_calib.fits|FU_Ori|05 45 21.91|+09 04 11.0|86.3413|9.0697|1020.3662|1024.3562|R_Astrodon_2018|2459132.270358796|5.0|21.2095|2.6229|58.5032|1.1742
31|2020-10-10|20:35:37|SLT|FU_Ori-20201010@203524-B_Astrodon_2018_calib.fits|FU_Ori|05 45 21.91|+09 04 11.0|86.3413|9.0697|1023.9221|1021.9402|B_Astrodon_2018|2459133.3580671297|30.0|19.2240|2.6037|75.2503|1.0344
32|2020-10-10|20:36:28|SLT|FU_Ori-20201010@203623-V_Astrodon_2018_calib.fits|FU_Ori|05 45 21.91|+09 04 11.0|86.3413|9.0697|1024.3106|1022.0305|V_Astrodon_2018|2459133.3586574076|10.0|20.4834|2.5689|75.2048|1.0345
33|2020-10-10|20:36:57|SLT|FU_Ori-20201010@203653-R_Astrodon_2018_calib.fits|FU_Ori|05 45 21.91|+09 04 11.0|86.3413|9.0697|1024.4430|1022.1620|R_Astrodon_2018|2459133.3589930558|5.0|21.2649|2.2964|75.1777|1.0346
34|2020-10-10|20:37:30|SLT|FU_Ori-20201010@203719-B_Astrodon_2018_calib.fits|FU_Ori|05 45 21.91|+09 04 11.0|86.3413|9.0697|1025.2253|1021.4930|B_Astrodon_2018|2459133.359375|30.0|19.2689|2.7961|75.1458|1.0349
35|2020-10-10|20:38:20|SLT|FU_Ori-20201010@203815-V_Astrodon_2018_calib.fits|FU_Ori|05 45 21.91|+09 04 11.0|86.3413|9.0697|1025.0222|1021.7071|V_Astrodon_2018|2459133.359953704|10.0|20.4643|2.6064|75.0955|1.0350
36|2020-10-10|20:38:49|SLT|FU_Ori-20201010@203845-R_Astrodon_2018_calib.fits|FU_Ori|05 45 21.91|+09 04 11.0|86.3413|9.0697|1026.0802|1021.8973|R_Astrodon_2018|2459133.360289352|5.0|21.2357|2.4397|75.0651|1.0352
37|2020-10-11|19:28:55|SLT|FU_Ori-20201011@192841-B_Astrodon_2018_calib.fits|FU_Ori|05 45 21.91|+09 04 11.0|86.3413|9.0697|1022.9181|1025.8256|B_Astrodon_2018|2459134.311747685|30.0|19.2629|2.8892|71.3486|1.0572
38|2020-10-11|19:29:45|SLT|FU_Ori-20201011@192940-V_Astrodon_2018_calib.fits|FU_Ori|05 45 21.91|+09 04 11.0|86.3413|9.0697|1022.2371|1026.3712|V_Astrodon_2018|2459134.312326389|10.0|20.3510|3.3564|71.4750|1.0567
39|2020-10-11|19:30:14|SLT|FU_Ori-20201011@193010-R_Astrodon_2018_calib.fits|FU_Ori|05 45 21.91|+09 04 11.0|86.3413|9.0697|1022.8794|1026.3016|R_Astrodon_2018|2459134.312662037|5.0|21.2064|2.6654|71.5477|1.0564
40|2020-10-11|19:30:47|SLT|FU_Ori-20201011@193035-B_Astrodon_2018_calib.fits|FU_Ori|05 45 21.91|+09 04 11.0|86.3413|9.0697|1022.0014|1026.8222|B_Astrodon_2018|2459134.3130439813|30.0|19.2249|2.9264|71.6298|1.0555
41|2020-10-11|19:31:37|SLT|FU_Ori-20201011@193132-V_Astrodon_2018_calib.fits|FU_Ori|05 45 21.91|+09 04 11.0|86.3413|9.0697|1021.9942|1027.9431|V_Astrodon_2018|2459134.313622685|10.0|20.3677|3.0691|71.7532|1.0550
42|2020-10-11|19:32:06|SLT|FU_Ori-20201011@193202-R_Astrodon_2018_calib.fits|FU_Ori|05 45 21.91|+09 04 11.0|86.3413|9.0697|1022.1766|1028.1028|R_Astrodon_2018|2459134.3139583333|5.0|21.2007|2.6372|71.8242|1.0546
43|2020-10-12|18:47:15|SLT|FU_Ori-20201012@184701-B_Astrodon_2018_calib.fits|FU_Ori|05 45 21.91|+09 04 11.0|86.3413|9.0697|1021.9883|1022.6488|B_Astrodon_2018|2459135.2828125|30.0|19.2753|3.3526|64.6223|1.1071
44|2020-10-12|18:48:06|SLT|FU_Ori-20201012@184801-V_Astrodon_2018_calib.fits|FU_Ori|05 45 21.91|+09 04 11.0|86.3413|9.0697|1022.1033|1023.5268|V_Astrodon_2018|2459135.2834027777|10.0|20.4202|3.3953|64.7897|1.1062
45|2020-10-12|18:48:35|SLT|FU_Ori-20201012@184831-R_Astrodon_2018_calib.fits|FU_Ori|05 45 21.91|+09 04 11.0|86.3413|9.0697|1022.6357|1023.4743|R_Astrodon_2018|2459135.283738426|5.0|21.2458|2.7710|64.8846|1.1054
46|2020-10-12|18:49:08|SLT|FU_Ori-20201012@184856-B_Astrodon_2018_calib.fits|FU_Ori|05 45 21.91|+09 04 11.0|86.3413|9.0697|1021.9641|1023.7781|B_Astrodon_2018|2459135.28412037|30.0|19.2501|3.2120|64.9924|1.1037
47|2020-10-12|18:49:58|SLT|FU_Ori-20201012@184953-V_Astrodon_2018_calib.fits|FU_Ori|05 45 21.91|+09 04 11.0|86.3413|9.0697|1021.9468|1024.9560|V_Astrodon_2018|2459135.284699074|10.0|20.2647|4.1397|65.1554|1.1028
48|2020-10-12|18:50:27|SLT|FU_Ori-20201012@185023-R_Astrodon_2018_calib.fits|FU_Ori|05 45 21.91|+09 04 11.0|86.3413|9.0697|1021.5827|1024.0656|R_Astrodon_2018|2459135.285034722|5.0|21.1510|3.3222|65.2496|1.1021
49|2020-10-14|18:04:11|SLT|FU_Ori-20201014@180357-B_Astrodon_2018_calib.fits|FU_Ori|05 45 21.91|+09 04 11.0|86.3413|9.0697|1022.0730|1022.8697|B_Astrodon_2018|2459137.2529050927|30.0|19.3112|2.7190|57.3334|1.1880
50|2020-10-14|18:05:03|SLT|FU_Ori-20201014@180458-V_Astrodon_2018_calib.fits|FU_Ori|05 45 21.91|+09 04 11.0|86.3413|9.0697|1022.0612|1023.6852|V_Astrodon_2018|2459137.2535069445|10.0|20.5014|2.7521|57.5193|1.1865
51|2020-10-14|18:05:33|SLT|FU_Ori-20201014@180529-R_Astrodon_2018_calib.fits|FU_Ori|05 45 21.91|+09 04 11.0|86.3413|9.0697|1021.8339|1023.9378|R_Astrodon_2018|2459137.2538541667|5.0|21.2440|2.5778|57.6264|1.1853
52|2020-10-14|18:06:07|SLT|FU_Ori-20201014@180556-B_Astrodon_2018_calib.fits|FU_Ori|05 45 21.91|+09 04 11.0|86.3413|9.0697|1022.2591|1023.9532|B_Astrodon_2018|2459137.254247685|30.0|19.3041|2.9058|57.7477|1.1826
53|2020-10-14|18:06:58|SLT|FU_Ori-20201014@180653-V_Astrodon_2018_calib.fits|FU_Ori|05 45 21.91|+09 04 11.0|86.3413|9.0697|1022.4020|1024.2134|V_Astrodon_2018|2459137.254837963|10.0|20.4825|2.8411|57.9295|1.1812
54|2020-10-14|18:07:27|SLT|FU_Ori-20201014@180723-R_Astrodon_2018_calib.fits|FU_Ori|05 45 21.91|+09 04 11.0|86.3413|9.0697|1022.8128|1024.1973|R_Astrodon_2018|2459137.255173611|5.0|21.2106|2.7639|58.0327|1.1800
55|2020-10-15|19:32:27|SLT|FU_Ori-20201015@193213-B_Astrodon_2018_calib.fits|FU_Ori|05 45 21.91|+09 04 11.0|86.3413|9.0697|1022.1486|1022.3501|B_Astrodon_2018|2459138.314201389|30.0|19.4279|2.5073|73.8847|1.0379
56|2020-10-15|19:33:18|SLT|FU_Ori-20201015@193312-V_Astrodon_2018_calib.fits|FU_Ori|05 45 21.91|+09 04 11.0|86.3413|9.0697|1021.9508|1023.6346|V_Astrodon_2018|2459138.314791667|10.0|20.4460|3.0628|73.9752|1.0376
57|2020-10-15|19:33:47|SLT|FU_Ori-20201015@193343-R_Astrodon_2018_calib.fits|FU_Ori|05 45 21.91|+09 04 11.0|86.3413|9.0697|1022.1827|1024.4577|R_Astrodon_2018|2459138.315127315|5.0|21.3116|2.4694|74.0258|1.0374
58|2020-10-15|19:34:20|SLT|FU_Ori-20201015@193408-B_Astrodon_2018_calib.fits|FU_Ori|05 45 21.91|+09 04 11.0|86.3413|9.0697|1022.0680|1024.1840|B_Astrodon_2018|2459138.3155092592|30.0|19.4284|2.4129|74.0824|1.0368
59|2020-10-15|19:35:10|SLT|FU_Ori-20201015@193504-V_Astrodon_2018_calib.fits|FU_Ori|05 45 21.91|+09 04 11.0|86.3413|9.0697|1021.6402|1024.7640|V_Astrodon_2018|2459138.316087963|10.0|20.4490|3.0834|74.1666|1.0366
60|2020-10-15|19:35:38|SLT|FU_Ori-20201015@193535-R_Astrodon_2018_calib.fits|FU_Ori|05 45 21.91|+09 04 11.0|86.3413|9.0697|1022.0988|1025.0135|R_Astrodon_2018|2459138.3164120372|5.0|21.2903|2.5240|74.2128|1.0364
61|2020-10-16|19:17:51|SLT|FU_Ori-20201016@191737-B_Astrodon_2018_calib.fits|FU_Ori|05 45 21.91|+09 04 11.0|86.3413|9.0697|1026.0689|1025.9527|B_Astrodon_2018|2459139.3040625|30.0|19.4335|2.2678|72.5853|1.0493
62|2020-10-16|19:18:42|SLT|FU_Ori-20201016@191836-V_Astrodon_2018_calib.fits|FU_Ori|05 45 21.91|+09 04 11.0|86.3413|9.0697|1025.5377|1026.7158|V_Astrodon_2018|2459139.304652778|10.0|20.5525|2.5478|72.6991|1.0489
63|2020-10-16|19:19:11|SLT|FU_Ori-20201016@191907-R_Astrodon_2018_calib.fits|FU_Ori|05 45 21.91|+09 04 11.0|86.3413|9.0697|1025.9231|1027.3157|R_Astrodon_2018|2459139.304988426|5.0|21.3283|2.1037|72.7631|1.0486
64|2020-10-16|19:19:44|SLT|FU_Ori-20201016@191931-B_Astrodon_2018_calib.fits|FU_Ori|05 45 21.91|+09 04 11.0|86.3413|9.0697|1025.4175|1027.3221|B_Astrodon_2018|2459139.3053703704|30.0|19.4295|2.1216|72.8352|1.0479
65|2020-10-16|19:20:34|SLT|FU_Ori-20201016@192028-V_Astrodon_2018_calib.fits|FU_Ori|05 45 21.91|+09 04 11.0|86.3413|9.0697|1024.7949|1028.8813|V_Astrodon_2018|2459139.305949074|10.0|20.5140|2.6287|72.9432|1.0475
66|2020-10-16|19:21:03|SLT|FU_Ori-20201016@192058-R_Astrodon_2018_calib.fits|FU_Ori|05 45 21.91|+09 04 11.0|86.3413|9.0697|1025.3828|1028.7686|R_Astrodon_2018|2459139.3062847224|5.0|21.3176|2.0468|73.0050|1.0472
67|2020-10-16|19:38:12|SLT|FU_Ori-20201016@193759-B_Astrodon_2018_calib.fits|FU_Ori|05 45 21.91|+09 04 11.0|86.3413|9.0697|1025.2851|1024.4378|B_Astrodon_2018|2459139.3181944443|30.0|19.4206|2.2707|74.7853|1.0374
68|2020-10-16|19:39:03|SLT|FU_Ori-20201016@193858-V_Astrodon_2018_calib.fits|FU_Ori|05 45 21.91|+09 04 11.0|86.3413|9.0697|1024.7308|1025.7716|V_Astrodon_2018|2459139.318784722|10.0|20.5352|2.6698|74.8500|1.0372
69|2020-10-16|19:39:32|SLT|FU_Ori-20201016@193928-R_Astrodon_2018_calib.fits|FU_Ori|05 45 21.91|+09 04 11.0|86.3413|9.0697|1024.6480|1025.7617|R_Astrodon_2018|2459139.3191203703|5.0|21.3052|2.1294|74.8856|1.0370
70|2020-10-16|19:40:05|SLT|FU_Ori-20201016@193953-B_Astrodon_2018_calib.fits|FU_Ori|05 45 21.91|+09 04 11.0|86.3413|9.0697|1024.7793|1025.9980|B_Astrodon_2018|2459139.319502315|30.0|19.4110|2.2378|74.9252|1.0367
71|2020-10-16|19:40:55|SLT|FU_Ori-20201016@194050-V_Astrodon_2018_calib.fits|FU_Ori|05 45 21.91|+09 04 11.0|86.3413|9.0697|1023.7955|1028.0614|V_Astrodon_2018|2459139.3200810184|10.0|20.5186|2.7732|74.9831|1.0365
72|2020-10-16|19:41:23|SLT|FU_Ori-20201016@194120-R_Astrodon_2018_calib.fits|FU_Ori|05 45 21.91|+09 04 11.0|86.3413|9.0697|1024.1765|1027.2265|R_Astrodon_2018|2459139.3204050926|5.0|21.3162|2.2015|75.0145|1.0364
73|2020-10-19|20:29:07|SLT|FU_Ori-20201019@202853-B_Astrodon_2018_calib.fits|FU_Ori|05 45 21.91|+09 04 11.0|86.3413|9.0697|1023.9953|1019.9291|B_Astrodon_2018|2459142.3535532407|30.0|19.3793|2.5547|72.3976|1.0496
74|2020-10-19|20:29:58|SLT|FU_Ori-20201019@202952-V_Astrodon_2018_calib.fits|FU_Ori|05 45 21.91|+09 04 11.0|86.3413|9.0697|1023.6981|1020.6227|V_Astrodon_2018|2459142.3541435185|10.0|20.4535|3.0659|72.2796|1.0500
75|2020-10-19|20:30:27|SLT|FU_Ori-20201019@203023-R_Astrodon_2018_calib.fits|FU_Ori|05 45 21.91|+09 04 11.0|86.3413|9.0697|1024.3760|1020.4934|R_Astrodon_2018|2459142.3544791667|5.0|21.2799|2.2588|72.2118|1.0503
76|2020-10-19|20:30:59|SLT|FU_Ori-20201019@203047-B_Astrodon_2018_calib.fits|FU_Ori|05 45 21.91|+09 04 11.0|86.3413|9.0697|1025.4283|1020.3982|B_Astrodon_2018|2459142.354849537|30.0|19.3177|2.7591|72.1364|1.0511
77|2020-10-19|20:31:49|SLT|FU_Ori-20201019@203144-V_Astrodon_2018_calib.fits|FU_Ori|05 45 21.91|+09 04 11.0|86.3413|9.0697|1025.0137|1020.9617|V_Astrodon_2018|2459142.3554282407|10.0|20.4954|2.8451|72.0175|1.0515
78|2020-10-19|20:32:19|SLT|FU_Ori-20201019@203215-R_Astrodon_2018_calib.fits|FU_Ori|05 45 21.91|+09 04 11.0|86.3413|9.0697|1025.5625|1020.1386|R_Astrodon_2018|2459142.355775463|5.0|21.2797|2.3357|71.9454|1.0518
79|2020-10-25|19:03:48|SLT|FU_Ori-20201025@190334-B_Astrodon_2018_calib.fits|FU_Ori|05 45 21.91|+09 04 11.0|86.3413|9.0697|1022.5270|1023.6154|B_Astrodon_2018|2459148.2943055555|30.0|19.2999|2.1044|74.8601|1.0366
80|2020-10-25|19:04:38|SLT|FU_Ori-20201025@190433-V_Astrodon_2018_calib.fits|FU_Ori|05 45 21.91|+09 04 11.0|86.3413|9.0697|1022.0152|1024.9501|V_Astrodon_2018|2459148.2948842593|10.0|20.4371|2.1282|74.9207|1.0364
81|2020-10-25|19:05:08|SLT|FU_Ori-20201025@190504-R_Astrodon_2018_calib.fits|FU_Ori|05 45 21.91|+09 04 11.0|86.3413|9.0697|1022.1057|1025.8164|R_Astrodon_2018|2459148.2952314815|5.0|21.2329|1.7391|74.9558|1.0362
82|2020-10-25|19:05:40|SLT|FU_Ori-20201025@190528-B_Astrodon_2018_calib.fits|FU_Ori|05 45 21.91|+09 04 11.0|86.3413|9.0697|1022.1482|1026.1288|B_Astrodon_2018|2459148.295601852|30.0|19.3139|1.9373|74.9924|1.0359
83|2020-10-25|19:06:30|SLT|FU_Ori-20201025@190625-V_Astrodon_2018_calib.fits|FU_Ori|05 45 21.91|+09 04 11.0|86.3413|9.0697|1022.0712|1027.5662|V_Astrodon_2018|2459148.2961805556|10.0|20.4253|2.2270|75.0475|1.0357
84|2020-10-25|19:07:11|SLT|FU_Ori-20201025@190707-R_Astrodon_2018_calib.fits|FU_Ori|05 45 21.91|+09 04 11.0|86.3413|9.0697|1021.7370|1028.0023|R_Astrodon_2018|2459148.2966550924|5.0|21.2290|1.8730|75.0909|1.0355
85|2020-10-26|18:55:39|SLT|FU_Ori-20201026@185525-B_Astrodon_2018_calib.fits|FU_Ori|05 45 21.91|+09 04 11.0|86.3413|9.0697|1018.9678|1023.3712|B_Astrodon_2018|2459149.2886458333|30.0|19.3609|2.3474|74.5176|1.0364
86|2020-10-26|18:56:30|SLT|FU_Ori-20201026@185625-V_Astrodon_2018_calib.fits|FU_Ori|05 45 21.91|+09 04 11.0|86.3413|9.0697|1017.7826|1023.9376|V_Astrodon_2018|2459149.289236111|10.0|20.4935|2.4986|74.5913|1.0362
87|2020-10-26|18:57:00|SLT|FU_Ori-20201026@185656-R_Astrodon_2018_calib.fits|FU_Ori|05 45 21.91|+09 04 11.0|86.3413|9.0697|1018.2798|1024.7068|R_Astrodon_2018|2459149.2895833333|5.0|21.2348|2.1847|74.6336|1.0360
88|2020-10-26|18:57:33|SLT|FU_Ori-20201026@185721-B_Astrodon_2018_calib.fits|FU_Ori|05 45 21.91|+09 04 11.0|86.3413|9.0697|1018.0450|1025.3891|B_Astrodon_2018|2459149.289965278|30.0|19.3802|2.0339|74.6792|1.0356
89|2020-10-26|18:58:23|SLT|FU_Ori-20201026@185818-V_Astrodon_2018_calib.fits|FU_Ori|05 45 21.91|+09 04 11.0|86.3413|9.0697|1017.5312|1026.6259|V_Astrodon_2018|2459149.2905439814|10.0|20.5332|2.0626|74.7463|1.0354
90|2020-10-26|18:58:53|SLT|FU_Ori-20201026@185849-R_Astrodon_2018_calib.fits|FU_Ori|05 45 21.91|+09 04 11.0|86.3413|9.0697|1017.4959|1026.9498|R_Astrodon_2018|2459149.2908912036|5.0|21.3032|1.7808|74.7854|1.0353
91|2020-10-27|16:17:38|SLT|FU_Ori-20201027@161724-B_Astrodon_2018_calib.fits|FU_Ori|05 45 21.91|+09 04 11.0|86.3413|9.0697|1021.7018|1019.8724|B_Astrodon_2018|2459150.178912037|30.0|19.2081|2.4435|45.0745|1.4105
92|2020-10-27|16:18:30|SLT|FU_Ori-20201027@161824-V_Astrodon_2018_calib.fits|FU_Ori|05 45 21.91|+09 04 11.0|86.3413|9.0697|1021.8730|1020.4198|V_Astrodon_2018|2459150.179513889|10.0|20.3714|2.5240|45.2700|1.4077
93|2020-10-27|16:18:59|SLT|FU_Ori-20201027@161855-R_Astrodon_2018_calib.fits|FU_Ori|05 45 21.91|+09 04 11.0|86.3413|9.0697|1022.1128|1020.9115|R_Astrodon_2018|2459150.179849537|5.0|21.1813|2.1550|45.3790|1.4056
94|2020-10-27|16:19:32|SLT|FU_Ori-20201027@161920-B_Astrodon_2018_calib.fits|FU_Ori|05 45 21.91|+09 04 11.0|86.3413|9.0697|1021.5527|1019.5937|B_Astrodon_2018|2459150.1802314813|30.0|19.1178|2.3581|45.5030|1.4004
95|2020-10-27|16:20:21|SLT|FU_Ori-20201027@162016-V_Astrodon_2018_calib.fits|FU_Ori|05 45 21.91|+09 04 11.0|86.3413|9.0697|1021.9418|1019.8514|V_Astrodon_2018|2459150.180798611|10.0|20.3167|2.7987|45.6871|1.3976
96|2020-10-27|16:20:51|SLT|FU_Ori-20201027@162047-R_Astrodon_2018_calib.fits|FU_Ori|05 45 21.91|+09 04 11.0|86.3413|9.0697|1022.0277|1019.6413|R_Astrodon_2018|2459150.1811458333|5.0|21.1903|2.2931|45.7998|1.3955
97|2020-10-27|16:55:43|SLT|FU_Ori-20201027@165529-B_Astrodon_2018_calib.fits|FU_Ori|05 45 21.91|+09 04 11.0|86.3413|9.0697|1021.3785|1019.4783|B_Astrodon_2018|2459150.2053587963|30.0|19.1813|2.5873|53.5646|1.2413
98|2020-10-27|16:56:35|SLT|FU_Ori-20201027@165629-V_Astrodon_2018_calib.fits|FU_Ori|05 45 21.91|+09 04 11.0|86.3413|9.0697|1021.1228|1021.0013|V_Astrodon_2018|2459150.205960648|10.0|20.2016|3.1555|53.7547|1.2395
99|2020-10-27|16:57:04|SLT|FU_Ori-20201027@165700-R_Astrodon_2018_calib.fits|FU_Ori|05 45 21.91|+09 04 11.0|86.3413|9.0697|1021.7354|1020.0075|R_Astrodon_2018|2459150.2062962963|5.0|21.1608|2.3394|53.8606|1.2381
100|2020-10-27|16:57:37|SLT|FU_Ori-20201027@165725-B_Astrodon_2018_calib.fits|FU_Ori|05 45 21.91|+09 04 11.0|86.3413|9.0697|1021.5351|1019.2068|B_Astrodon_2018|2459150.2066782406|30.0|19.2217|2.4814|53.9811|1.2348
101|2020-10-27|16:58:27|SLT|FU_Ori-20201027@165822-V_Astrodon_2018_calib.fits|FU_Ori|05 45 21.91|+09 04 11.0|86.3413|9.0697|1021.5353|1019.9103|V_Astrodon_2018|2459150.2072569444|10.0|20.2784|2.9552|54.1635|1.2331
102|2020-10-27|16:58:56|SLT|FU_Ori-20201027@165852-R_Astrodon_2018_calib.fits|FU_Ori|05 45 21.91|+09 04 11.0|86.3413|9.0697|1021.7660|1019.7394|R_Astrodon_2018|2459150.2075925926|5.0|21.1731|2.4534|54.2693|1.2317
103|2020-10-28|18:26:44|SLT|FU_Ori-20201028@182630-B_Astrodon_2018_calib.fits|FU_Ori|05 45 21.91|+09 04 11.0|86.3413|9.0697|1018.9630|1022.9159|B_Astrodon_2018|2459151.2685648147|30.0|19.3459|2.4366|72.0377|1.0537
104|2020-10-28|18:27:37|SLT|FU_Ori-20201028@182731-V_Astrodon_2018_calib.fits|FU_Ori|05 45 21.91|+09 04 11.0|86.3413|9.0697|1018.3844|1023.3842|V_Astrodon_2018|2459151.2691782406|10.0|20.4208|2.8756|72.1635|1.0533
105|2020-10-28|18:28:07|SLT|FU_Ori-20201028@182803-R_Astrodon_2018_calib.fits|FU_Ori|05 45 21.91|+09 04 11.0|86.3413|9.0697|1018.3565|1023.6388|R_Astrodon_2018|2459151.2695254628|5.0|21.2820|2.0762|72.2340|1.0529
106|2020-10-28|18:28:41|SLT|FU_Ori-20201028@182829-B_Astrodon_2018_calib.fits|FU_Ori|05 45 21.91|+09 04 11.0|86.3413|9.0697|1018.1268|1024.0747|B_Astrodon_2018|2459151.2699189815|30.0|19.3386|2.3986|72.3132|1.0521
107|2020-10-28|18:29:32|SLT|FU_Ori-20201028@182927-V_Astrodon_2018_calib.fits|FU_Ori|05 45 21.91|+09 04 11.0|86.3413|9.0697|1017.5640|1025.3684|V_Astrodon_2018|2459151.2705092593|10.0|20.4261|2.8710|72.4308|1.0517
108|2020-10-28|18:30:04|SLT|FU_Ori-20201028@183000-R_Astrodon_2018_calib.fits|FU_Ori|05 45 21.91|+09 04 11.0|86.3413|9.0697|1017.7129|1024.2490|R_Astrodon_2018|2459151.2708796295|5.0|21.2303|2.6781|72.5038|1.0513
109|2020-10-30|15:11:09|SLT|FU_Ori-20201030@151055-B_Astrodon_2018_calib.fits|FU_Ori|05 45 21.91|+09 04 11.0|86.3413|9.0697|1020.5527|1019.5885|B_Astrodon_2018|2459153.1327430555|30.0|19.1462|2.4478|32.6140|1.8564
110|2020-10-30|15:12:00|SLT|FU_Ori-20201030@151155-V_Astrodon_2018_calib.fits|FU_Ori|05 45 21.91|+09 04 11.0|86.3413|9.0697|1020.5419|1019.5340|V_Astrodon_2018|2459153.1333333333|10.0|20.3270|2.6193|32.8089|1.8504
111|2020-10-30|15:12:30|SLT|FU_Ori-20201030@151226-R_Astrodon_2018_calib.fits|FU_Ori|05 45 21.91|+09 04 11.0|86.3413|9.0697|1021.0775|1019.4528|R_Astrodon_2018|2459153.1336805555|5.0|21.2001|2.1143|32.9236|1.8457
112|2020-10-30|15:13:04|SLT|FU_Ori-20201030@151253-B_Astrodon_2018_calib.fits|FU_Ori|05 45 21.91|+09 04 11.0|86.3413|9.0697|1020.7801|1017.7613|B_Astrodon_2018|2459153.134074074|30.0|19.1770|2.3666|33.0535|1.8345
113|2020-10-30|15:13:55|SLT|FU_Ori-20201030@151350-V_Astrodon_2018_calib.fits|FU_Ori|05 45 21.91|+09 04 11.0|86.3413|9.0697|1021.0895|1018.6444|V_Astrodon_2018|2459153.134664352|10.0|20.3263|2.6823|33.2483|1.8288
114|2020-10-30|15:14:25|SLT|FU_Ori-20201030@151421-R_Astrodon_2018_calib.fits|FU_Ori|05 45 21.91|+09 04 11.0|86.3413|9.0697|1021.6761|1020.0038|R_Astrodon_2018|2459153.1350115743|5.0|21.1532|2.4273|33.3629|1.8241
115|2020-10-31|20:39:09|SLT|FU_Ori-20201031@203855-B_Astrodon_2018_calib.fits|FU_Ori|05 45 21.91|+09 04 11.0|86.3413|9.0697|1020.6059|1016.2082|B_Astrodon_2018|2459154.360520833|30.0|19.3897|2.2969|62.1545|1.1317
116|2020-10-31|20:40:00|SLT|FU_Ori-20201031@203955-V_Astrodon_2018_calib.fits|FU_Ori|05 45 21.91|+09 04 11.0|86.3413|9.0697|1021.0152|1016.9453|V_Astrodon_2018|2459154.361111111|10.0|20.5071|2.3305|61.9801|1.1328
117|2020-10-31|20:40:30|SLT|FU_Ori-20201031@204026-R_Astrodon_2018_calib.fits|FU_Ori|05 45 21.91|+09 04 11.0|86.3413|9.0697|1021.8943|1015.6386|R_Astrodon_2018|2459154.361458333|5.0|21.2998|2.2430|61.8774|1.1337
118|2020-10-31|20:41:03|SLT|FU_Ori-20201031@204052-B_Astrodon_2018_calib.fits|FU_Ori|05 45 21.91|+09 04 11.0|86.3413|9.0697|1022.4251|1016.2730|B_Astrodon_2018|2459154.361840278|30.0|19.2959|2.4397|61.7642|1.1357
119|2020-10-31|20:41:54|SLT|FU_Ori-20201031@204149-V_Astrodon_2018_calib.fits|FU_Ori|05 45 21.91|+09 04 11.0|86.3413|9.0697|1022.6283|1017.1895|V_Astrodon_2018|2459154.3624305557|10.0|20.5141|2.2134|61.5890|1.1369
120|2020-10-31|20:42:24|SLT|FU_Ori-20201031@204220-R_Astrodon_2018_calib.fits|FU_Ori|05 45 21.91|+09 04 11.0|86.3413|9.0697|1022.8922|1017.3953|R_Astrodon_2018|2459154.362777778|5.0|21.2792|2.2651|61.4858|1.1378
